# ra decN decS
2.050000000000000000e+02 -4.638008379051507291e+01 -5.003734408684249502e+01
2.051629072681704145e+02 -4.596826947083582127e+01 -4.962236570076493081e+01
2.053258145363408573e+02 -4.555645515115702437e+01 -4.920738731468736660e+01
2.054887218045112718e+02 -4.514464083147822748e+01 -4.879240892861025714e+01
2.056516290726817147e+02 -4.473282651179897584e+01 -4.837743054253269293e+01
2.058145363408521291e+02 -4.432101219211972420e+01 -4.796245215645558346e+01
2.059774436090225436e+02 -4.390919787244138206e+01 -4.754747377037801925e+01
2.061403508771929864e+02 -4.349738355276258517e+01 -4.713249538430045504e+01
2.063032581453634009e+02 -4.308556923308333353e+01 -4.671751699822334558e+01
2.064661654135338438e+02 -4.267375491340408189e+01 -4.630253861214578137e+01
2.066290726817042582e+02 -4.226194059372528500e+01 -4.588756022606821716e+01
2.067919799498746727e+02 -4.185012627404603336e+01 -4.547258183999110770e+01
2.069548872180451156e+02 -4.143831195436723647e+01 -4.505760345391399824e+01
2.071177944862155300e+02 -4.102649763468798483e+01 -4.464262506783643403e+01
2.072807017543859729e+02 -4.061468331500918794e+01 -4.422764668175886982e+01
2.074436090225563873e+02 -4.020286899533039104e+01 -4.381266829568130561e+01
2.076065162907268302e+02 -3.979105467565159415e+01 -4.339768990960374140e+01
2.077694235588972447e+02 -3.937924035597234251e+01 -4.298271152352663194e+01
2.079323308270676591e+02 -3.896742603629354562e+01 -4.256773313744906773e+01
2.080952380952381020e+02 -3.855561171661429398e+01 -4.215275475137195826e+01
2.082581453634085165e+02 -3.814379739693549709e+01 -4.173777636529484880e+01
2.084210526315789593e+02 -3.773198307725624545e+01 -4.132279797921728459e+01
2.085839598997493738e+02 -3.732016875757790331e+01 -4.090781959313972038e+01
2.087468671679197882e+02 -3.690835443789865167e+01 -4.049284120706215617e+01
2.089097744360902311e+02 -3.649654011821985478e+01 -4.007786282098504671e+01
2.090726817042606456e+02 -3.608472579854060314e+01 -3.966288443490748250e+01
2.092355889724310885e+02 -3.567291147886180624e+01 -3.924790604883037304e+01
2.093984962406015029e+02 -3.526109715918255461e+01 -3.883292766275280883e+01
2.095614035087719174e+02 -3.484928283950375771e+01 -3.841794927667569937e+01
2.097243107769423602e+02 -3.443746851982473345e+01 -3.800297089059813516e+01
2.098872180451127747e+02 -3.402565420014570918e+01 -3.758799250452057095e+01
2.100501253132832176e+02 -3.361383988046691229e+01 -3.717301411844346148e+01
2.102130325814536320e+02 -3.320202556078788803e+01 -3.675803573236589727e+01
2.103759398496240465e+02 -3.279021124110886376e+01 -3.634305734628878781e+01
2.105388471177944893e+02 -3.237839692142983949e+01 -3.592807896021122360e+01
2.107017543859649038e+02 -3.196658260175104260e+01 -3.551310057413365939e+01
2.108646616541353467e+02 -3.155476828207201834e+01 -3.509812218805609518e+01
2.110275689223057611e+02 -3.114295396239299407e+01 -3.468314380197898572e+01
2.111904761904762040e+02 -3.073113964271419718e+01 -3.426816541590164888e+01
2.113533834586466185e+02 -3.031932532303517291e+01 -3.385318702982408468e+01
2.115162907268170329e+02 -2.990751100335614865e+01 -3.343820864374674784e+01
2.116791979949874758e+02 -2.949569668367735176e+01 -3.302323025766941100e+01
2.118421052631578902e+02 -2.908388236399832749e+01 -3.260825187159207417e+01
2.120050125313283331e+02 -2.867206804431930323e+01 -3.219327348551473733e+01
2.121679197994987476e+02 -2.826025372464027896e+01 -3.177829509943740049e+01
2.123308270676691620e+02 -2.784843940496148207e+01 -3.136331671336006366e+01
2.124937343358396049e+02 -2.743662508528245780e+01 -3.094833832728249945e+01
2.126566416040100194e+02 -2.702481076560343354e+01 -3.053335994120493524e+01
2.128195488721804622e+02 -2.661299644592440927e+01 -3.011838155512759840e+01
2.129824561403508767e+02 -2.620118212624561238e+01 -2.970340316905026157e+01
2.131453634085212911e+02 -2.578936780656658811e+01 -2.928842478297292473e+01
2.133082706766917340e+02 -2.537755348688756385e+01 -2.887344639689558790e+01
2.134711779448621485e+02 -2.496573916720876696e+01 -2.845846801081825106e+01
2.136340852130325914e+02 -2.455392484752974269e+01 -2.804348962474091422e+01
2.137969924812030058e+02 -2.414211052785049105e+01 -2.762851123866357739e+01
2.139598997493734203e+02 -2.373029620817146679e+01 -2.721353285258624055e+01
2.141228070175438631e+02 -2.331848188849266990e+01 -2.679855446650844897e+01
2.142857142857142776e+02 -2.290666756881375932e+01 -2.638357608043111213e+01
2.144486215538847205e+02 -2.249485324913473505e+01 -2.596859769435377530e+01
2.146115288220551349e+02 -2.208303892945582447e+01 -2.555361930827643846e+01
2.147744360902255494e+02 -2.167122460977691389e+01 -2.513864092219910162e+01
2.149373433583959923e+02 -2.125941029009788963e+01 -2.472366253612176479e+01
2.151002506265664067e+02 -2.084759597041897905e+01 -2.430868415004442795e+01
2.152631578947368496e+02 -2.043578165073984110e+01 -2.389370576396686374e+01
2.154260651629072640e+02 -2.002396733106093052e+01 -2.347872737788952691e+01
2.155889724310777069e+02 -1.961215301138190625e+01 -2.306374899181207638e+01
2.157518796992481214e+02 -1.920033869170299567e+01 -2.264877060573473955e+01
2.159147869674185358e+02 -1.878852437202397141e+01 -2.223379221965728902e+01
2.160776942355889787e+02 -1.837671005234506083e+01 -2.181881383357995219e+01
2.162406015037593932e+02 -1.796489573266603657e+01 -2.140383544750261535e+01
2.164035087719298360e+02 -1.755308141298712599e+01 -2.098885706142505114e+01
2.165664160401002505e+02 -1.714126709330815856e+01 -2.057387867534782799e+01
2.167293233082706649e+02 -1.672945277362919114e+01 -2.015890028927037747e+01
2.168922305764411078e+02 -1.631763845395016688e+01 -1.974392190319304063e+01
2.170551378446115223e+02 -1.590582413427125630e+01 -1.932894351711570380e+01
2.172180451127819651e+02 -1.549400981459223203e+01 -1.891396513103813959e+01
2.173809523809523796e+02 -1.508219549491326461e+01 -1.849898674496080275e+01
2.175438596491227941e+02 -1.467038117523438245e+01 -1.808400835888352276e+01
2.177067669172932369e+02 -1.425856685555535819e+01 -1.766902997280607224e+01
2.178696741854636514e+02 -1.384675253587641919e+01 -1.725405158672873540e+01
2.180325814536340943e+02 -1.343493821619739492e+01 -1.683907320065128488e+01
2.181954887218045087e+02 -1.302312389651845592e+01 -1.642409481457394804e+01
2.183583959899749516e+02 -1.261130957683946008e+01 -1.600911642849649752e+01
2.185213032581453660e+02 -1.219949525716051397e+01 -1.559413804241913226e+01
2.186842105263157805e+02 -1.178768093748156964e+01 -1.517915965634176700e+01
2.188471177944862234e+02 -1.139216869787496300e+01 -1.476418127026434490e+01
2.190100250626566378e+02 -1.103638349201243685e+01 -1.434920288418697965e+01
2.191729323308270523e+02 -1.071040987496180108e+01 -1.393422449810962860e+01
2.193358395989974952e+02 -1.040754714280124560e+01 -1.351924611203219939e+01
2.194987468671679096e+02 -1.012442071714484548e+01 -1.310426772595484479e+01
2.196616541353383525e+02 -9.856451338840313880e+00 -1.270144016454369940e+01
2.198245614035087669e+02 -9.601500123014757193e+00 -1.233843776123853075e+01
2.199874686716792098e+02 -9.357557016406431671e+00 -1.200684463228098409e+01
2.201503759398496243e+02 -9.122611981582966934e+00 -1.170050000707700733e+01
2.203132832080200387e+02 -8.895334093238869144e+00 -1.141365227741274779e+01
2.204761904761904816e+02 -8.674584933522851316e+00 -1.114330640143436923e+01
2.206390977443608961e+02 -8.459513209707539616e+00 -1.088604316212065015e+01
2.208020050125313389e+02 -8.249097078775417202e+00 -1.064013439261905702e+01
2.209649122807017534e+02 -8.042591786339333026e+00 -1.040371137721747630e+01
2.211278195488721678e+02 -7.839357431050132163e+00 -1.017513621572669891e+01
2.212907268170426107e+02 -7.638828791076480940e+00 -9.953243447438353542e+00
2.214536340852130252e+02 -7.440505098052043742e+00 -9.737030043553531300e+00
2.216165413533834680e+02 -7.243941884993481573e+00 -9.525650772362114438e+00
2.217794486215538825e+02 -7.048744515625401164e+00 -9.318377635875043197e+00
2.219423558897242970e+02 -6.854563090856900409e+00 -9.114457732919037269e+00
2.221052631578947398e+02 -6.661088493892767026e+00 -8.913315728556963080e+00
2.222681704260651543e+02 -6.468049384430699433e+00 -8.714442176311017363e+00
2.224310776942355972e+02 -6.275209988733316813e+00 -8.517385087797681109e+00
2.225939849624060116e+02 -6.082368559060068236e+00 -8.321743242383938366e+00
2.227568922305764545e+02 -5.889356395123548360e+00 -8.127160919221333657e+00
2.229197994987468689e+02 -5.696037333531742242e+00 -7.933323803117911410e+00
2.230827067669172834e+02 -5.502303676884667816e+00 -7.739955867124995947e+00
2.232456140350877263e+02 -5.308085524918772613e+00 -7.546817072859399289e+00
2.234085213032581407e+02 -5.113347160169177563e+00 -7.353701757590408228e+00
2.235714285714285552e+02 -4.918085143535105175e+00 -7.160437597296535728e+00
2.237343358395989981e+02 -4.722330317013533119e+00 -6.966885048924746471e+00
2.238972431077694125e+02 -4.526148370007613941e+00 -6.772937184235162889e+00
2.240601503759398554e+02 -4.329640276955215583e+00 -6.578519832899717201e+00
2.242230576441102698e+02 -4.132942516108530029e+00 -6.383591954762658283e+00
2.243859649122807127e+02 -3.936226978512516794e+00 -6.188144644104648151e+00
2.245488721804511272e+02 -3.739700477749887675e+00 -5.992201821955507768e+00
2.247117794486215416e+02 -3.543603775613511253e+00 -5.795832179268273876e+00
2.248746867167919845e+02 -3.348210047221933827e+00 -5.599134292104620769e+00
2.250375939849623990e+02 -3.153822721740006330e+00 -5.402242323074677444e+00
2.252005012531328418e+02 -2.960772652116806292e+00 -5.205325924307425467e+00
2.253634085213032563e+02 -2.769414589123696313e+00 -5.008589742801750511e+00
2.255263157894736707e+02 -2.580122961086713573e+00 -4.812272443418443402e+00
2.256892230576441136e+02 -2.393286990301708439e+00 -4.616645173281141545e+00
2.258521303258145281e+02 -2.209305208976542367e+00 -4.422009404122858811e+00
2.260150375939849710e+02 -2.028579470055506206e+00 -4.228694106460270774e+00
2.261779448621553854e+02 -1.851508579523026832e+00 -4.037052231378122080e+00
2.263408521303257999e+02 -1.678481704615228720e+00 -3.847456501789471517e+00
2.265037593984962427e+02 -1.509871734662334930e+00 -3.660294544514311799e+00
2.266666666666666572e+02 -1.346028786054605186e+00 -3.475963426175606497e+00
2.268295739348371001e+02 -1.187274048514456837e+00 -3.294863688139449298e+00
2.269924812030075145e+02 -1.033894165449729563e+00 -3.117393006609624262e+00
2.271553884711779574e+02 -8.861363264033413900e-01 -2.943939631421772951e+00
2.273182957393483719e+02 -7.442042250185681995e-01 -2.774875778963748374e+00
2.274812030075187863e+02 -6.084826066382010845e-01 -2.610551169043584974e+00
2.276441102756892292e+02 -4.791616900478286034e-01 -2.451286900918020706e+00
2.278070175438596436e+02 -3.561185276808810363e-01 -2.297369859116930257e+00
2.279699248120300581e+02 -2.393720057737801776e-01 -2.149047824930242268e+00
2.281328320802005010e+02 -1.295608786662529599e-01 -2.006615710031407485e+00
2.282957393483709154e+02 -2.623658571515562546e-02 -1.870486047643355354e+00
2.284586466165413583e+02 7.076314662822257018e-02 -1.740540387256505728e+00
2.286215538847117728e+02 5.398460054651419426e-01 -1.616850090056406453e+00
2.287844611528822156e+02 4.406810546321016098e-01 -1.499619540084630609e+00
2.289473684210526301e+02 1.037441235577700072e+00 -1.389277732944212751e+00
2.291102756892230445e+02 1.173205646770973720e+00 -1.285262047035031996e+00
2.292731829573934874e+02 1.304545328269528071e+00 -1.187906611934142820e+00
2.294360902255639019e+02 1.431904527221158574e+00 -8.111126613703171229e-01
2.295989974937343447e+02 1.555541132516910618e+00 -1.012937246904031641e+00
2.297619047619047592e+02 1.675693142267124403e+00 -2.249568186647944446e-01
2.299248120300752021e+02 1.792580586077300975e+00 -8.873281537009446163e-02
2.300877192982456165e+02 1.906407228957436084e+00 4.314086964223721316e-02
2.302506265664160310e+02 2.017362085253342041e+00 1.707887264165691421e-01
2.304135338345864739e+02 2.125620766827835517e+00 2.946950058435792164e-01
2.305764411027568883e+02 2.231346686237426269e+00 4.150993793712359214e-01
2.307393483709273028e+02 2.334692132717502311e+00 5.322227033172655108e-01
2.309022556390977456e+02 2.435799236319470040e+00 6.462694911608335424e-01
2.310651629072681601e+02 2.534800833449212476e+00 7.574294389743407852e-01
2.312280701754386030e+02 2.631821245282281563e+00 8.658787832587562239e-01
2.313909774436090174e+02 2.726976979017100788e+00 9.717815122435894404e-01
2.315538847117794603e+02 2.820368286837641403e+00 1.075290448722449499e+00
2.317167919799498748e+02 2.912023264221364371e+00 1.176548219978518661e+00
2.318796992481202892e+02 3.002124798724695509e+00 1.275688128225636264e+00
2.320426065162907321e+02 3.090764945670468222e+00 1.372834933182621064e+00
2.322055137844611465e+02 3.178030393604038384e+00 1.468039001143902844e+00
2.323684210526315894e+02 3.264002868945658165e+00 1.561458167619801829e+00
2.325313283208020039e+02 3.348759503511407942e+00 1.653214864681431751e+00
2.326942355889724183e+02 3.432373168667138597e+00 1.743407338811651108e+00
2.328571428571428612e+02 3.514912779439572255e+00 1.832128008144843001e+00
2.330200501253132757e+02 3.596443571528127325e+00 1.919463910286923092e+00
2.331829573934837185e+02 3.677027353827702072e+00 2.005497108483488500e+00
2.333458646616541330e+02 3.756722738780514881e+00 2.090305060440464491e+00
2.335087719298245474e+02 3.835585352620609179e+00 2.173960953591737688e+00
2.336716791979949903e+02 3.913668027350160283e+00 2.256534010164504611e+00
2.338345864661654048e+02 3.990958218357936182e+00 2.338089765007424603e+00
2.339974937343358476e+02 4.067559168484594423e+00 2.418690318810038598e+00
2.341604010025062621e+02 4.143533012702961038e+00 2.498394569047140301e+00
2.343233082706767050e+02 4.218922728475264172e+00 2.577258420724442445e+00
2.344862155388471194e+02 4.293769199044653817e+00 2.655292231861318797e+00
2.346491228070175339e+02 4.368111328230082968e+00 2.732556969380853573e+00
2.348120300751879768e+02 4.441986145079118486e+00 2.809142311262202263e+00
2.349749373433583912e+02 4.515428899198796309e+00 2.885093720470059964e+00
2.351378446115288057e+02 4.588473147505713001e+00 2.960454434780755761e+00
2.353007518796992485e+02 4.661150833066010080e+00 3.035265592795076017e+00
2.354636591478696630e+02 4.733450933899982616e+00 3.109566348855031137e+00
2.356265664160401059e+02 4.805451758596946732e+00 3.183393977777049244e+00
2.357894736842105203e+02 4.877180515421132512e+00 3.256783970224188973e+00
2.359523809523809632e+02 4.948662779662546640e+00 3.329770119461430866e+00
2.361152882205513777e+02 5.019922794636124230e+00 3.402360726954991144e+00
2.362781954887217921e+02 5.090983515239236645e+00 3.474595027038453576e+00
2.364411027568922350e+02 5.161866646813479065e+00 3.546525442210083590e+00
2.366040100250626494e+02 5.232592679657726009e+00 3.618179151955829287e+00
2.367669172932330923e+02 5.303180080981079847e+00 3.689581949963610885e+00
2.369298245614035068e+02 5.373634377594368239e+00 3.760758292601149577e+00
2.370927318295739497e+02 5.443991289776795028e+00 3.831731342296792242e+00
2.372556390977443641e+02 5.514266069443666041e+00 3.902523006198426625e+00
2.374185463659147786e+02 5.584472866599868190e+00 3.973153970458585871e+00
2.375814536340852214e+02 5.654624744351380627e+00 4.043635872736671466e+00
2.377443609022556359e+02 5.724733691439588767e+00 4.113989524944791754e+00
2.379072681704260503e+02 5.794810632525122074e+00 4.184242590626968905e+00
2.380701754385964932e+02 5.864865436440247493e+00 4.254410498279417752e+00
2.382330827067669077e+02 5.934906692780764992e+00 4.324507567203924374e+00
2.383959899749373506e+02 6.004943549055182572e+00 4.394547022177578199e+00
2.385588972431077650e+02 6.074983268687308424e+00 4.464541005624342418e+00
2.387218045112782079e+02 6.145030872501713759e+00 4.534500587516471448e+00
2.388847117794486223e+02 6.215090342655818390e+00 4.604435773225766582e+00
2.390476190476190368e+02 6.285164623190408584e+00 4.674354940138949033e+00
2.392105263157894797e+02 6.355255619960066937e+00 4.744268085221341025e+00
2.393734335839598941e+02 6.425364200140271542e+00 4.814182102190087242e+00
2.395363408521303086e+02 6.495490191507463429e+00 4.884102118263401238e+00
2.396992481203007515e+02 6.565633847929077227e+00 4.954032211270636310e+00
2.398621553884711659e+02 6.635790676298788604e+00 5.023975409724705798e+00
2.400250626566416088e+02 6.705956137058294075e+00 5.093933692263178159e+00
2.401879699248120232e+02 6.776125217322393368e+00 5.163907986656099958e+00
2.403508771929824661e+02 6.846291863753844353e+00 5.233898168578930310e+00
2.405137844611528806e+02 6.916448984458147820e+00 5.303904591619715170e+00
2.406766917293232950e+02 6.986588452001334382e+00 5.373922294988927817e+00
2.408395989974937379e+02 7.056701107739502987e+00 5.443947170196420160e+00
2.410025062656641524e+02 7.126775518307297830e+00 5.513974208384508913e+00
2.411654135338345668e+02 7.196792566915952705e+00 5.583997345293331804e+00
2.413283208020050097e+02 7.266744111488168123e+00 5.654009462636857108e+00
2.414912280701754526e+02 7.336616247467519614e+00 5.724002390606378832e+00
2.416541353383458670e+02 7.406394082781181609e+00 5.793966911693081201e+00
2.418170426065162815e+02 7.476061753441682889e+00 5.863891358660585418e+00
2.419799498746867243e+02 7.545602441648713743e+00 5.933756764279715767e+00
2.421428571428571388e+02 7.614998396529436775e+00 6.003554886293058779e+00
2.423057644110275533e+02 7.684230957643698012e+00 6.073271704849574348e+00
2.424686716791979961e+02 7.753257818517135469e+00 6.142892193985797888e+00
2.426315789473684106e+02 7.822063631703271014e+00 6.212400336793832523e+00
2.427944862155388535e+02 7.890635642656401494e+00 6.281779143114226471e+00
2.429573934837092679e+02 7.958951079658006300e+00 6.351010669894595395e+00
2.431203007518797108e+02 8.026986414658184188e+00 6.420076044343738353e+00
2.432832080200501252e+02 8.094717404959762774e+00 6.488937573271143400e+00
2.434461152882205397e+02 8.162119138160395693e+00 6.557571123819544212e+00
2.436090225563909826e+02 8.229166080340299061e+00 6.625967573554261136e+00
2.437719298245613970e+02 8.295793198939866997e+00 6.694103870325520234e+00
2.439348370927318115e+02 8.361970693107323882e+00 6.761956184198577802e+00
2.440977443609022544e+02 8.427700061762566364e+00 6.829499948982997282e+00
2.442606516290726972e+02 8.492952945577290080e+00 6.896709907069713097e+00
2.444235588972431117e+02 8.557700639058792191e+00 6.963560157567250108e+00
2.445864661654135261e+02 8.621914157038435889e+00 7.030006014914599533e+00
2.447493734335839690e+02 8.685564303766764027e+00 7.095978921474997314e+00
2.449122807017543835e+02 8.748621744411538614e+00 7.161497887059908862e+00
2.450751879699247979e+02 8.810933159764331890e+00 7.226534112657398090e+00
2.452380952380952408e+02 8.872570647390983112e+00 7.291058431428039555e+00
2.454010025062656553e+02 8.933508236585179674e+00 7.355041375450193541e+00
2.455639097744360981e+02 8.993715763586793699e+00 7.418453245142982766e+00
2.457268170426065126e+02 9.053163301587430212e+00 7.481264181164966942e+00
2.458897243107769555e+02 9.111821242646819030e+00 7.543373827136555576e+00
2.460526315789473699e+02 9.169651149383854616e+00 7.604752577438397054e+00
2.462155388471177844e+02 9.226442538656327130e+00 7.665421933000729382e+00
2.463784461152882272e+02 9.282334424533823736e+00 7.725351136973619859e+00
2.465413533834586417e+02 9.337298164571880221e+00 7.784509650870592878e+00
2.467042606516290562e+02 9.391305844585371432e+00 7.842867237279261161e+00
2.468671679197994990e+02 9.444330360678083736e+00 7.900394043179274739e+00
2.470300751879699135e+02 9.496345499692885994e+00 7.956951077127524918e+00
2.471929824561403564e+02 9.547100745372592456e+00 8.012513423025655612e+00
2.473558897243107708e+02 9.596715976786530433e+00 8.067134084804500560e+00
2.475187969924812137e+02 9.645218713537321520e+00 8.120784446037276894e+00
2.476817042606516281e+02 9.692585881081059895e+00 8.173436687769376263e+00
2.478446115288220426e+02 9.738795676625345621e+00 8.225063870243669584e+00
2.480075187969924855e+02 9.783767827604773260e+00 8.275568817135731337e+00
2.481704260651628999e+02 9.827220158473286560e+00 8.324773882919606294e+00
2.483333333333333144e+02 9.869422425259864795e+00 8.372849010917942536e+00
2.484962406015037573e+02 9.910357352721716140e+00 8.419770362071723468e+00
2.486591478696742001e+02 9.950009256757317289e+00 8.465515363270112559e+00
2.488220551378446146e+02 9.988345305974300814e+00 8.510062775458514750e+00
2.489849624060150290e+02 1.002491014127724611e+01 8.553173147814723265e+00
2.491478696741854719e+02 1.006011415493585304e+01 8.594863040008204891e+00
2.493107769423558864e+02 1.009394732929928651e+01 8.635263949563798391e+00
2.494736842105263008e+02 1.012640146634097960e+01 8.674359404167589105e+00
2.496365914786967437e+02 1.015727176143952981e+01 8.712134572959152834e+00
2.497994987468671582e+02 1.018634898760646657e+01 8.748367221390836335e+00
2.499624060150376010e+02 1.021398785031010448e+01 8.782958865216688338e+00
2.501253132832080155e+02 1.024018661664785768e+01 8.816154519412680912e+00
2.502882205513784584e+02 1.026493779418247243e+01 8.847945209521906662e+00
2.504511278195488728e+02 1.028756241165281438e+01 8.878323814922634227e+00
2.506140350877192873e+02 1.030870361365966659e+01 8.906852067844948095e+00
2.507769423558897302e+02 1.032836651727298261e+01 8.933763074188423303e+00
2.509398496240601446e+02 1.034655820790179170e+01 8.959205383573060288e+00
2.511027568922305591e+02 1.036250249304461946e+01 8.983178469351980056e+00
2.512656641604010019e+02 1.037692143412659718e+01 9.005412821013083047e+00
2.514285714285714164e+02 1.038984787121859377e+01 9.025726661091511005e+00
2.515914786967418593e+02 1.040112972017287163e+01 9.044531024750311232e+00
2.517543859649122737e+02 1.041018572821369759e+01 9.061832313783364512e+00
2.519172932330827166e+02 1.041774032700626051e+01 9.077358187630759190e+00
2.520802005012531311e+02 1.042419932406791538e+01 9.090841390475699058e+00
2.522431077694235455e+02 1.043065832112957381e+01 9.102798489152284844e+00
2.524060150375939884e+02 1.043711731819122690e+01 9.113242914307434717e+00
2.525689223057644028e+02 1.044357631525287999e+01 9.121674634429572492e+00
2.527318295739348173e+02 1.045003531231453664e+01 9.128176746067133251e+00
2.528947368421052602e+02 1.045649430937618263e+01 9.134163470898172932e+00
2.530576441102757030e+02 1.046295330643784638e+01 9.140150195729214389e+00
2.532205513784461175e+02 1.046941230349950303e+01 9.146136920560248740e+00
2.533834586466165320e+02 1.047587130056115967e+01 9.152123645391288420e+00
2.535463659147869748e+02 1.048233029762280921e+01 9.158110370222328100e+00
2.537092731829573893e+02 1.048878929468446586e+01 9.164097095053364228e+00
2.538721804511278037e+02 1.049524829174610829e+01 9.170083819884411014e+00
2.540350877192982466e+02 1.050170728880777915e+01 9.176070544715443589e+00
2.541979949874686611e+02 1.050816628586942159e+01 9.182057269546490375e+00
2.543609022556391039e+02 1.051462528293109244e+01 9.188043994377515844e+00
2.545238095238095184e+02 1.052108427999274909e+01 9.194030719208555524e+00
2.546867167919799613e+02 1.052754327705439152e+01 9.200017444039602310e+00
2.548496240601503757e+02 1.053400227411603396e+01 9.206004168870634885e+00
2.550125313283207902e+02 1.054046127117769061e+01 9.211990893701681671e+00
2.551754385964912331e+02 1.054692026823937567e+01 9.217977618532714246e+00
2.553383458646616475e+02 1.055337926530100390e+01 9.223964343363761031e+00
2.555012531328320620e+02 1.055983826236268897e+01 9.229951068194793606e+00
2.556641604010025048e+02 1.056629725942431719e+01 9.235937793025826181e+00
2.558270676691729193e+02 1.057275625648597384e+01 9.241924517856858756e+00
2.559899749373433622e+02 1.057921525354763048e+01 9.247911242687891331e+00
2.561528822055137766e+02 1.058567425060928713e+01 9.253897967518952328e+00
2.563157894736842195e+02 1.059213324767094377e+01 9.259884692349970692e+00
2.564786967418546055e+02 1.059859224473260042e+01 9.265871417181045899e+00
2.566416040100250484e+02 1.060505124179425707e+01 9.271858142012064263e+00
2.568045112781954913e+02 1.061151023885591371e+01 9.277844866843111049e+00
2.569674185463659342e+02 1.061796923591757036e+01 9.283831591674129413e+00
2.571303258145363202e+02 1.062442823297922700e+01 9.289818316505176199e+00
2.572932330827067631e+02 1.063088723004085523e+01 9.295805041336194563e+00
2.574561403508772059e+02 1.063734622710251188e+01 9.301791766167269770e+00
2.576190476190475920e+02 1.064380522416419694e+01 9.307778490998288135e+00
2.577819548872180349e+02 1.065026422122582517e+01 9.313765215829334920e+00
2.579448621553884777e+02 1.065672321828748181e+01 9.319751940660353284e+00
2.581077694235589206e+02 1.066318221534919530e+01 9.325738665491400070e+00
2.582706766917293066e+02 1.066964121241079511e+01 9.331725390322446856e+00
2.584335839598997495e+02 1.067610020947245175e+01 9.337712115153493642e+00
2.585964912280701924e+02 1.068255920653410840e+01 9.343698839984540427e+00
2.587593984962405784e+02 1.068901820359576504e+01 9.349685564815558791e+00
2.589223057644110213e+02 1.069547720065742169e+01 9.355672289646605577e+00
2.590852130325814642e+02 1.070193619771907834e+01 9.361659014477623941e+00
2.592481203007519071e+02 1.070839519478073498e+01 9.367645739308670727e+00
2.594110275689222931e+02 1.071485419184239163e+01 9.373632464139689091e+00
2.595739348370927360e+02 1.072131318890404827e+01 9.379619188970764299e+00
2.597368421052631788e+02 1.072777218596570492e+01 9.385605913801782663e+00
2.598997493734335649e+02 1.073423118302736157e+01 9.391592638632857870e+00
2.600626566416040077e+02 1.074069018008901821e+01 9.397579363463876234e+00
2.602255639097744506e+02 1.074714917715067486e+01 9.403566088294894598e+00
2.603884711779448367e+02 1.075360817421227466e+01 9.409552813125969806e+00
2.605513784461152795e+02 1.076006717127398815e+01 9.415539537956988170e+00
2.607142857142857224e+02 1.076652616833558795e+01 9.421526262788063377e+00
2.608771929824561084e+02 1.077298516539730144e+01 9.427512987619081741e+00
2.610401002506265513e+02 1.077944416245895809e+01 9.433499712450100105e+00
2.612030075187969942e+02 1.078590315952061474e+01 9.439486437281118469e+00
2.613659147869674371e+02 1.079236215658221454e+01 9.445473162112193677e+00
2.615288220551378231e+02 1.079882115364387118e+01 9.451459886943212041e+00
2.616917293233082660e+02 1.080528015070558467e+01 9.457446611774230405e+00
2.618546365914787089e+02 1.081173914776724132e+01 9.463433336605305612e+00
2.620175438596490949e+02 1.081819814482889797e+01 9.469420061436323977e+00
2.621804511278195378e+02 1.082465714189055461e+01 9.475406786267342341e+00
2.623433583959899806e+02 1.083111613895215442e+01 9.481393511098417548e+00
2.625062656641604235e+02 1.083757513601381106e+01 9.487380235929492756e+00
2.626691729323308095e+02 1.084403413307552455e+01 9.493366960760511120e+00
2.628320802005012524e+02 1.085049313013712435e+01 9.499353685591529484e+00
2.629949874686716953e+02 1.085695212719878100e+01 9.505340410422547848e+00
2.631578947368420813e+02 1.086341112426043765e+01 9.511327135253623055e+00
2.633208020050125242e+02 1.086987012132203745e+01 9.517313860084641419e+00
2.634837092731829671e+02 1.087632911838386462e+01 9.523300584915659783e+00
2.636466165413534100e+02 1.088278811544535074e+01 9.529287309746678147e+00
2.638095238095237960e+02 1.088924711250706423e+01 9.535274034577753355e+00
2.639724310776942389e+02 1.089570610956877772e+01 9.541260759408828562e+00
2.641353383458646817e+02 1.090216510663037752e+01 9.547247484239846926e+00
2.642982456140350678e+02 1.090862410369209101e+01 9.553234209070922134e+00
2.644611528822055107e+02 1.091508310075369081e+01 9.559220933901940498e+00
2.646240601503759535e+02 1.092154209781540430e+01 9.565207658732958862e+00
2.647869674185463396e+02 1.092800109487700411e+01 9.571194383563977226e+00
2.649498746867167824e+02 1.093446009193871760e+01 9.577181108395052433e+00
2.651127819548872253e+02 1.094091908900031740e+01 9.583167833226070798e+00
2.652756892230576113e+02 1.094737808606203089e+01 9.589154558057146005e+00
2.654385964912280542e+02 1.095383708312363069e+01 9.595141282888164369e+00
2.656015037593984971e+02 1.096029608018523049e+01 9.601128007719239577e+00
2.657644110275689400e+02 1.096675507724694398e+01 9.607114732550257941e+00
2.659273182957393260e+02 1.097321407430854379e+01 9.613101457381276305e+00
2.660902255639097689e+02 1.097967307137025728e+01 9.619088182212294669e+00
2.662531328320802118e+02 1.098613206843185708e+01 9.625074907043313033e+00
2.664160401002505978e+02 1.099259106549357057e+01 9.631061631874331397e+00
2.665789473684210407e+02 1.099905006255539774e+01 9.637048356705463448e+00
2.667418546365914835e+02 1.100550905961688386e+01 9.643035081536481812e+00
2.669047619047619264e+02 1.101196805667848366e+01 9.649021806367500176e+00
2.670676691729323124e+02 1.101842705374019715e+01 9.655008531198632227e+00
2.672305764411027553e+02 1.102488605080179696e+01 9.660995256029536904e+00
2.673934837092731982e+02 1.103134504786351044e+01 9.666981980860668955e+00
2.675563909774435842e+02 1.103780404492511025e+01 9.672968705691687319e+00
2.677192982456140271e+02 1.104426304198682374e+01 9.678955430522705683e+00
2.678822055137844700e+02 1.105072203904842354e+01 9.684942155353724047e+00
2.680451127819549129e+02 1.105718103611013703e+01 9.690928880184742411e+00
2.682080200501252989e+02 1.106364003317185052e+01 9.696915605015760775e+00
2.683709273182957418e+02 1.107009903023345032e+01 9.702902329846892826e+00
2.685338345864661846e+02 1.107655802729505012e+01 9.708889054677797503e+00
2.686967418546365707e+02 1.108301702435676361e+01 9.714875779508929554e+00
2.688596491228070136e+02 1.108947602141836342e+01 9.720862504339947918e+00
2.690225563909774564e+02 1.109593501847996322e+01 9.726849229171079969e+00
2.691854636591478993e+02 1.110239401554179040e+01 9.732835954001984646e+00
2.693483709273182853e+02 1.110885301260327651e+01 9.738822678833003010e+00
2.695112781954887282e+02 1.111531200966499000e+01 9.744809403664135061e+00
2.696741854636591142e+02 1.112177100672658980e+01 9.750796128495153425e+00
2.698370927318295571e+02 1.112823000378830329e+01 9.756782853326171789e+00
2.700000000000000000e+02 1.113468900085001678e+01 9.762769578157190153e+00
